1074  1072 
1410  1074 
 986  1010 
 982   888 
1484  1010 
 812    92 
1134   772 
1294   772 
1220   830 
1230   948 
 206    48 
1298   136 
  76   944 
 228  1070 
 310  1136 
1502  1136 
1368   718 
 898   828 
1154  1010 
 398  1072 
1496    96 
1432   136 
1058   828 
 900   946 
 192   130 
1352   608 
1282   660 
1380   830 
 568  1072 
1240  1074 
 320  1008 
1334  1138 
1362    96 
1230   180 
1392   948 
  54   128 
1020   136 
1454   776 
 136  1136 
 994  1136 
1222    94 
1242   268 
1210   716 
1308   890 
 488  1010 
 732  1070 
1154   134 
 118   174 
 964   358 
1542   358 
1560   458 
 978   772 
 820   886 
1142   888 
1066   950 
1560   950 
 128    90 
1032   312 
1422   558 
  94   824 
 880   134 
 812   178 
 886   224 
 104   262 
1458   314 
1184   406 
1114   458 
 426   714 
1524   716 
1542   830 
 906  1070 
 822  1136 
1020    52 
 746   136 
1318   314 
1406   458 
 892   506 
1508   610 
 892   718 
  24   768 
 256   826 
 818  1006 
  54  1072 
1150    52 
 948    94 
 464   134 
 954   178 
 320   218 
 958   268 
 894   606 
 814   662 
1438   662 
 110   714 
 180   770 
 150  1008 
 266    90 
 182   216 
1022   222 
1172   312 
1252   360 
1392   362 
 362   556 
 284   606 
 434   608 
 502   770 
 240   946 
 744    52 
1092   178 
1372   178 
1162   224 
1100   266 
1384   268 
1258   456 
 586   506 
1186   506 
 736   608 
 340    48 
 474    50 
 878    52 
 330   132 
 608   136 
 392   176 
1304   222 
1524   270 
 520   360 
 886   408 
1330   408 
 964   454 
 810   456 
 814   554 
1122   558 
 658   770 
 812   772 
 612    50 
1288    54 
 546    92 
1448   222 
 244   262 
1106   358 
 516   456 
1488   506 
 652  1008 
1552    54 
1082    92 
 678    94 
  38   216 
 164   308 
1472   408 
  74   450 
 290   506 
1340   508 
 966   558 
1418    54 
 740   224 
  90   354 
 738   506 
 514   556 
 662   556 
 734   718 
 382   266 
  10   404 
 370   454 
 446   506 
1512   182 
1270   556 
 976   662 
 740   950 
 538   178 
 382   356 
 452   406 
1034   406 
 346   660 
1128   662 
 652   890 
 142     6 
  68    50 
 228   358 
 152   406 
 738   830 
1214    12 
 678   178 
 816   266 
 310   316 
 886   318 
 738   408 
 510   660 
 658   662 
 570   948 
1568   140 
1584   222 
  22   306 
1198   606 
 264   716 
 412   828 
 488   886 
 600   306 
 450   310 
1040   506 
 212   556 
1572   560 
 406   940 
 542    10 
 816    12 
 670   356 
 220   452 
1054   716 
 574   832 
   4   888 
  57   555
 124   607
 194   665
 338   774
1045   613
 667   459
 672   263
 744   313
 819   357
 297   404
 586   607
 581   717
 667   459
 672   263
 744   313
 819   357
 297   404
 586   607
 581   717
 461   221
 605   216
 526   266
 593   404
 139   500